# Created by Octave 6.4.0, Wed Oct 02 14:45:48 2024 GMT <unknown@DESKTOP-718DGH2>
# name: ans
# type: matrix
# rows: 1
# columns: 5
 13 14 15 16 17


# name: mac
# type: matrix
# rows: 2
# columns: 3
 1 2 3
 4 5 6


# name: tab
# type: matrix
# rows: 1
# columns: 10
 11 12 13 14 15 16 17 18 19 20


# name: tabp
# type: matrix
# rows: 3
# columns: 1
 3
 4
 5


# name: wyn
# type: bool matrix
# rows: 1
# columns: 10
 0 0 1 1 1 1 1 0 0 0


# name: zm
# type: scalar
10


